66.11759    0.6607841714    0.0412707871707
67.11937    0.749150192317    0.0262501939128
68.12116    0.546980076073    0.0728599804397
69.12294    0.649082726781    0.0495356296528
70.12472    0.49498242473    0.0726609973272
71.1265    0.645122189537    0.0413383409807
72.12828    0.864250867674    0.0931174034577
73.13006    0.850910773792    0.0508905130244
74.13185    0.613822454996    0.0187898015244
75.13363    0.624129475008    0.00590470852975
76.13541    0.601196068106    0.0478973444219
77.13719    0.486631569231    0.0451897359444
78.13897    0.750114817155    0.0247665088761
79.14075    0.943319556924    0.035901650146
80.14254    0.819923415302    0.038906733439
81.14432    0.75537222654    0.0125194050258
82.1461    0.660493929135    0.0177186943215
83.14788    0.607387440112    0.0036126090262
84.14966    0.651231219974    0.0225361786777
85.15144    0.939539544606    0.0220261739997
86.15323    0.823113089845    0.0451383237162
87.15501    0.781720056773    0.0593757585867
88.15679    0.626097715137    0.0287446934582
89.15857    0.600547846684    0.0252363239718
90.16035    0.514845494326    0.0073327440918
91.16213    0.72700318979    0.0102650181368
92.16392    0.916979122356    0.0285544462948
93.1657    0.794930027193    0.0232341290916
94.16748    0.793660150175    0.0261156037348
95.16926    0.649471186319    0.012071620039
96.17104    0.67350501269    0.0439046498817
97.17283    0.702677802015    0.0172770807946
98.17461    0.827164127497    0.0249024034544
99.17639    0.908347605651    0.0139006194451
100.1782    0.844057157888    0.00512090577729
101.18    0.926952894232    0.25592550773
102.1817    0.603669130937    0.0408515840947
103.1835    0.670757124376    0.0508870360456
104.1853    0.716409550395    0.0375252554547
105.1871    0.867962645776    0.00653673614344
106.1889    0.907760383269    0.00745155877309
107.1906    0.831270094259    0.0269455758643
108.1924    0.781008285763    0.0324840190423
109.1942    0.622007600916    0.0272678702902
110.196    0.693955705911    0.016863520173
111.1978    0.853108931363    0.0049466075025
112.1996    0.919915715609    0.0541853725977
113.2013    0.851288875525    0.00950908904315
114.2031    0.773299689624    0.00981322842026
115.2049    0.682150455691    0.0206499297485
116.2067    0.646406876793    0.0147316655486
117.2085    0.75866573725    0.0324086116511
118.2102    0.821139990796    0.0079683841406
119.212    0.9499057406    0.0825713291811
120.2138    0.849093127077    0.00837943087134
121.2156    0.725931557271    0.00559095937641
122.2174    0.728299214284    0.00693656352317
123.2191    0.707146442834    0.00936087344443
124.2209    0.807685441824    0.023708142077
125.2227    0.850882320841    0.0102818649202
126.2245    0.904948568974    0.0109719251125
127.2263    0.824822708043    0.00843827974064
128.2281    0.756320743031    0.0338456125573
129.2298    0.676772460499    0.00245205832919
130.2316    0.721378872945    0.0145424855771
131.2334    0.79786829386    0.0197161094672
132.2352    0.875892125212    0.0100974277167
133.237    0.94034792435    0.0348330737684
134.2387    0.811251021046    0.00289573574324
135.2405    0.766635422405    0.0232212087828
136.2423    0.693435495638    0.0131325192701
137.2441    0.743607396183    0.0211139974783
138.2459    0.8436024523    0.00766470808957
139.2477    0.917520138955    0.0201151549088
140.2494    0.879182198458    0.0363551739104
141.2512    0.778900618459    0.0108789311431
142.253    0.708625660697    0.0414998995793
143.2548    0.68201639058    0.0101697435983
144.2566    0.762267229093    0.0305990951297
145.2583    0.875308647784    0.0271128519849
146.2601    0.886198346376    0.0150558867703
147.2619    0.848061897672    0.021908243934
148.2637    0.770250112146    0.00394835576023
149.2655    0.740334995376    0.0337520654309
150.2673    0.716749067322    0.0107192614584
151.269    0.81365650216    0.03826527584
152.2708    0.856799683997    0.0148574416203
153.2726    0.906011554967    0.034403485026
154.2744    0.786980253803    0.0186410473693
155.2762    0.741013080237    0.0281141859396
156.2779    0.686312430981    0.0474345889765
157.2797    0.692806080507    0.00208506836869
158.2815    0.802485696205    0.0305736048752
159.2833    0.848001512982    0.0053507112232
160.2851    0.846766035069    0.00334904647603
161.2869    0.788503857944    0.0139829962744
162.2886    0.710520082716    0.0222047769962
163.2904    0.72278005345    0.0223281087572
164.2922    0.720468723638    0.0127238944793
165.294    0.825224330791    0.0362310595242
166.2958    0.837327660476    0.00648185675268
167.2975    0.851653901858    0.0414276422779
168.2993    0.704356179295    0.0288759347572
169.3011    0.687168947248    0.0173863319099
170.3029    0.674857761075    0.0176820631179
171.3047    0.70176830666    0.00700610612114
172.3065    0.789621529742    0.0117080660074
173.3082    0.855980849187    0.00259481123073
174.31    0.797694915002    0.030189605033
175.3118    0.721322724676    0.0114280395514
176.3136    0.668713022337    0.024371724008
177.3154    0.662780367464    0.0224554007527
178.3171    0.730939290409    0.0166771027424
179.3189    0.830389557675    0.0342931389363
180.3207    0.821710159458    0.0264709629708
181.3225    0.768265687824    0.0774865152061
182.3243    0.666232215664    0.0534424839212
183.3261    0.657138415997    0.0814536591577
184.3278    0.600110452875    0.0088389456231
185.3296    0.710173929648    0.0186142568697
186.3314    0.833534304319    0.0104490070567
187.3332    0.809565951474    0.0113008206412
188.335    0.718951970242    0.0552413525287
189.3367    0.617076278437    0.0120500641855
190.3385    0.613447570903    0.0351616650008
191.3403    0.614082157335    0.0113260088765
192.3421    0.758106314842    0.015084613767
193.3439    0.815792908416    0.0268540235004
194.3457    0.747444551186    0.0294505240149
195.3474    0.683437835695    0.0703445285729
196.3492    0.560474416377    0.0175920439569
197.351    0.61356240178    0.0673312851326
198.3528    0.628701935    0.0229701568678
199.3546    0.771463264272    0.0265029933028
200.3563    0.807876561979    0.0206053329331
201.3581    0.71294755192    0.0358671093488
202.3599    0.668524917221    0.0935809515362
203.3617    0.548436436113    0.0208431056195
204.3635    0.602400957103    0.0532547000686
205.3652    0.67228785172    0.0234667242254
206.367    0.802920471662    0.0304225872979
207.3688    0.755331001175    0.0390518908596
208.3706    0.628760482052    0.0645011420218
209.3724    0.580628684741    0.0431975243068
210.3742    0.506827590637    0.0254554817503
211.3759    0.623022087064    0.0400713511745
212.3777    0.704646493636    0.0105963491024
213.3795    0.800185028719    0.0496395920355
214.3813    0.673753871972    0.0184940693523
215.3831    0.629941316597    0.0757158679318
216.3848    0.48418398037    0.0438334819397
217.3866    0.531840484369    0.039039359749
218.3884    0.607403189884    0.0419757899043
219.3902    0.748696245855    0.0290858025325
220.392    0.742806544007    0.058943306726
221.3938    0.58348384785    0.00947559454688
222.3955    0.501744045687    0.0409270424084
223.3973    0.475720321115    0.0152588270913
224.3991    0.526421634854    0.0236094541124
225.4009    0.674589020703    0.0165732273905
226.4027    0.761518004353    0.00731875721416
227.4044    0.688306082236    0.0531620492116
228.4062    0.522277526423    0.02011098016
229.408    0.475928749418    0.0512032709131
230.4098    0.432974087211    0.0489016923617
231.4116    0.5879308258    0.0272135088974
232.4134    0.717688699096    0.040448451621
233.4151    0.724478730597    0.052721538679
234.4169    0.629388777208    0.0852694409493
235.4187    0.447311183054    0.0194120147386
236.4205    0.435106988916    0.0657240943136
237.4223    0.429706355554    0.017147267805
238.424    0.629854278416    0.0444197256472
239.4258    0.730722187994    0.0178722610801
240.4276    0.683911998187    0.0142361086355
241.4294    0.550650874728    0.0608216054024
242.4312    0.436931460129    0.0470683206
243.433    0.458261292961    0.0831511426528
244.4347    0.473065070948    0.0347627778903
245.4365    0.674531976706    0.0858931954474
246.4383    0.644257535182    0.0409529361829
247.4401    0.563887954202    0.0824601695194
248.4419    0.395971551127    0.0305243606873
249.4436    0.317013277647    0.0150881567498
250.4454    0.409764019386    0.0273532131149
251.4472    0.526031656788    0.0534955892876
252.449    0.738174145934    0.0268273467375
253.4508    0.638211472291    0.0270759888092
254.4526    0.511594168077    0.0603651582505
255.4543    0.398651332226    0.0350769409058
256.4561    0.37454824826    0.0362459616729
257.4579    0.446953261142    0.0504566321353
258.4597    0.536487484247    0.0504143289876
259.4615    0.677501698455    0.0486544286847
260.4632    0.501998946915    0.0165085445773
261.465    0.470160149878    0.0568160735198
262.4668    0.308090207574    0.0142456206014
263.4686    0.413633818838    0.015198637256
264.4704    0.474537376871    0.0199905440296
265.4722    0.655575331379    0.0335689562721
266.4739    0.666706921767    0.0426294178245
267.4757    0.455021499513    0.0188359398629
268.4775    0.409000439261    0.0524710742839
269.4793    0.30065136004    0.0302847416477
270.4811    0.442598919218    0.018425333502
271.4828    0.543270295953    0.0223746919116
272.4846    0.605149678923    0.00479540155062
273.4864    0.468549825587    0.0431991923846
274.4882    0.322445342709    0.0296369725124
275.49    0.415077291809    0.0405428262409
276.4917    0.362477225986    0.0551246534332
277.4935    0.522333826956    0.019556011043
278.4953    0.58025632279    0.0299252489105
279.4971    0.575753431496    0.00746131294043
280.4989    0.450423418439    0.0198512070033
281.5007    0.35548775882    0.0249934922007
282.5024    0.451369914318    0.0365564857044
283.5042    0.430123566416    0.0417241132788
284.506    0.552983792916    0.0288558367271
285.5078    0.554429894031    0.0411662414526
286.5096    0.461540367353    0.0363666209605
287.5113    0.314556181193    0.0283926676364
288.5131    0.330557118124    0.0327563930847
289.5149    0.499256190597    0.0146879324049
290.5167    0.495567945495    0.0470085800404
291.5185    0.614307229486    0.0388500121866
292.5203    0.449620154745    0.047010893903
293.522    0.47035950701    0.0401283808557
294.5238    0.378135976122    0.0250687418725
295.5256    0.501900604625    0.0130371010097
296.5274    0.52000047075    0.0067336221232
297.5292    0.505175186992    0.0237639619485
298.5309    0.508128416602    0.0430189975827
299.5327    0.329158998512    0.0644102349239
